0 -80 -80 -80 0 0
0.0170962 -80.0015 -79.9731 -79.9891 0 0
0.0341924 -80.0028 -79.9463 -79.9781 0 0
0.0666833 -80.0051 -79.8955 -79.957 0 0
0.0991743 -80.0071 -79.8445 -79.9357 0 0
0.156757 -80.0102 -79.754 -79.8971 0 0
0.246399 -80.0137 -79.6122 -79.8353 0 0
0.33604 -80.0162 -79.4697 -79.7714 0 0
0.425681 -80.0176 -79.3265 -79.7058 0 0
0.515323 -80.0182 -79.1826 -79.6387 0 0
0.65748 -80.0177 -78.9534 -79.5295 0 0
0.799636 -80.0156 -78.7233 -79.4178 0 0
1.01377 -80.0097 -78.3755 -79.2456 0 0
1.2279 -80.001 -78.0278 -79.0699 0 0
1.44203 -79.9899 -77.6812 -78.8917 0 0
1.65616 -79.9765 -77.3372 -78.7117 0 0
1.87029 -79.9609 -76.9966 -78.5306 0 0
2.20785 -79.9324 -76.469 -78.2439 0 0
2.54542 -79.8992 -75.9554 -77.9578 0 0
2.88298 -79.8617 -75.458 -77.674 0 0
3.42064 -79.7937 -74.703 -77.23 0 0
3.9583 -79.7165 -73.9974 -76.8 0 0
4.49596 -79.6309 -73.3427 -76.3873 0 0
5.03362 -79.5379 -72.7386 -75.994 0 0
5.57128 -79.4385 -72.1835 -75.6213 0 0
6.10893 -79.3335 -71.6753 -75.2696 0 0
6.64659 -79.2237 -71.2113 -74.9389 0 0
7.52381 -79.0367 -70.5418 -74.4437 0 0
8.40102 -78.8426 -69.9697 -74.0006 0 0
9.27823 -78.6442 -69.4824 -73.6056 0 0
10.1554 -78.4441 -69.0685 -73.2541 0 0
11.0327 -78.2443 -68.7179 -72.942 0 0
11.9099 -78.0467 -68.422 -72.665 0 0
12.7871 -77.8526 -68.1731 -72.4195 0 0
13.6643 -77.6632 -67.9648 -72.2019 0 0
15.1621 -77.3533 -67.6868 -71.8866 0 0
16.6598 -77.063 -67.4884 -71.6313 0 0
18.1576 -76.7942 -67.3527 -71.4256 0 0
19.6554 -76.5478 -67.2669 -71.2615 0 0
21.1532 -76.3241 -67.2211 -71.1327 0 0
22.6509 -76.1226 -67.208 -71.034 0 0
24.1487 -75.9429 -67.2214 -70.9612 0 0
25.6465 -75.784 -67.2569 -70.9108 0 0
27.1443 -75.6449 -67.3106 -70.8801 0 0
28.642 -75.5245 -67.3794 -70.8665 0 0
30.1398 -75.4216 -67.4607 -70.8679 0 0
31.6376 -75.3351 -67.5525 -70.8826 0 0
33.1354 -75.2638 -67.6529 -70.9089 0 0
34.6331 -75.2065 -67.7606 -70.9454 0 0
36.1309 -75.1622 -67.8742 -70.991 0 0
37.6287 -75.1298 -67.9925 -71.0444 0 0
39.1264 -75.1083 -68.1145 -71.1047 0 0
40.6242 -75.0967 -68.2392 -71.1708 0 0
42.122 -75.0941 -68.3659 -71.2419 0 0
43.6198 -75.0997 -68.494 -71.3173 0 0
45.1175 -75.1126 -68.6227 -71.3963 0 0
46.6153 -75.1321 -68.7516 -71.4782 0 0
48.1131 -75.1575 -68.8801 -71.5624 0 0
49.6109 -75.1882 -69.0077 -71.6484 0 0
51.1086 -75.2234 -69.1342 -71.7357 0 0
52.6064 -75.2627 -69.259 -71.8238 0 0
55.7515 -75.356 -69.5147 -72.0099 0 0
58.8965 -75.4605 -69.7598 -72.1947 0 0
62.0415 -75.5723 -69.9921 -72.3754 0 0
65.1866 -75.6882 -70.2103 -72.5499 0 0
68.3316 -75.8056 -70.4135 -72.7166 0 0
71.4767 -75.9223 -70.6012 -72.8741 0 0
76.4913 -76.1029 -70.8684 -73.1046 0 0
81.5058 -76.2722 -71.0967 -73.3081 0 0
86.5204 -76.4266 -71.2881 -73.4841 0 0
91.535 -76.564 -71.4457 -73.6334 0 0
99.1722 -76.7397 -71.6286 -73.8136 0 0
106.809 -76.8758 -71.7553 -73.9444 0 0
114.447 -76.9767 -71.8393 -74.0355 0 0
122.084 -77.0479 -71.891 -74.0952 0 0
129.721 -77.0955 -71.92 -74.1318 0 0
137.358 -77.1253 -71.9349 -74.1524 0 0
144.995 -77.1421 -71.9405 -74.1623 0 0
152.632 -77.1499 -71.9402 -74.1649 0 0
160.27 -77.1518 -71.9371 -74.1635 0 0
167.907 -77.1502 -71.9328 -74.1599 0 0
175.544 -77.1467 -71.9276 -74.1551 0 0
183.181 -77.1424 -71.9227 -74.1502 0 0
190.818 -77.138 -71.9191 -74.146 0 0
198.455 -77.1341 -71.9159 -74.1423 0 0
206.093 -77.1308 -71.9131 -74.1392 0 0
213.73 -77.1282 -71.9113 -74.137 0 0
221.367 -77.1263 -71.9104 -74.1355 0 0
229.004 -77.1251 -71.9099 -74.1346 0 0
236.641 -77.1245 -71.91 -74.1343 0 0
244.278 -77.1245 -71.9106 -74.1345 0 0
251.916 -77.1248 -71.9111 -74.1349 0 0
259.553 -77.1255 -71.9117 -74.1355 0 0
267.19 -77.1264 -71.9126 -74.1363 0 0
274.827 -77.1274 -71.9133 -74.1371 0 0
282.464 -77.1286 -71.9141 -74.138 0 0
290.102 -77.1298 -71.9151 -74.139 0 0
295 -77.1307 -71.9157 -74.1397 0 0
295 -77.1307 -71.9157 -74.1397 0 1.9
295 -77.0761 -71.9157 -74.1397 0 1.9
295.001 -77.0293 -71.9157 -74.1397 0 1.9
295.001 -76.9649 -71.9157 -74.1397 0 1.9
295.002 -76.877 -71.9157 -74.1397 0 1.9
295.004 -76.7386 -71.9157 -74.1397 0 1.9
295.006 -76.6183 -71.9157 -74.1397 0 1.9
295.008 -76.5087 -71.9157 -74.1397 0 1.9
295.01 -76.4066 -71.9157 -74.1397 0 1.9
295.013 -76.2436 -71.9157 -74.1397 0 1.9
295.016 -76.0937 -71.9157 -74.1397 0 1.9
295.02 -75.8851 -71.9157 -74.1397 0 1.9
295.025 -75.6934 -71.9157 -74.1397 0 1.9
295.029 -75.515 -71.9157 -74.1397 0 1.9
295.037 -75.2457 -71.9157 -74.1397 0 1.9
295.045 -74.9982 -71.9157 -74.1397 0 1.9
295.058 -74.597 -71.9157 -74.1397 0 1.9
295.072 -74.2334 -71.9157 -74.1397 0 1.9
295.085 -73.8974 -71.9157 -74.1397 0 1.9
295.098 -73.5836 -71.9157 -74.1397 0 1.9
295.112 -73.2883 -71.9157 -74.1397 0 1.9
295.134 -72.8427 -71.9157 -74.1396 0 1.9
295.156 -72.4295 -71.9157 -74.1394 0 1.9
295.177 -72.0422 -71.9157 -74.1391 0 1.9
295.211 -71.4905 -71.9157 -74.138 0 1.9
295.244 -70.9796 -71.9157 -74.1358 0 1.9
295.277 -70.5023 -71.9157 -74.1321 0 1.9
295.339 -69.6979 -71.9157 -74.121 0 1.9
295.4 -68.967 -71.9155 -74.1033 0 1.9
295.461 -68.2953 -71.915 -74.0789 0 1.9
295.522 -67.6714 -71.914 -74.0482 0 1.9
295.583 -67.086 -71.9123 -74.0116 0 1.9
295.645 -66.5323 -71.9098 -73.9696 0 1.9
295.743 -65.6998 -71.9033 -73.8918 0 1.9
295.841 -64.9221 -71.8936 -73.8028 0 1.9
295.939 -64.1883 -71.8803 -73.7041 0 1.9
296.037 -63.4894 -71.8631 -73.5968 0 1.9
296.135 -62.8182 -71.842 -73.4821 0 1.9
296.288 -61.8072 -71.8008 -73.2886 0 1.9
296.442 -60.8324 -71.7499 -73.0807 0 1.9
296.596 -59.8775 -71.6896 -72.8604 0 1.9
296.75 -58.9252 -71.6202 -72.6288 0 1.9
296.904 -57.9551 -71.5422 -72.3869 0 1.9
297.135 -56.4 -71.4094 -72.0055 0 1.9
297.366 -54.5518 -71.259 -71.6024 0 1.9
297.424 -54.0028 -71.2187 -71.4981 0 1.9
297.481 -53.3882 -71.1774 -71.3922 0 1.9
297.577 -52.1597 -71.1071 -71.2141 0 1.9
297.672 -50.4562 -71.0339 -71.0308 0 1.9
297.696 -49.9062 -71.0152 -70.984 0 1.9
297.719 -49.2691 -70.9963 -70.9369 0 1.9
297.758 -47.9715 -70.9652 -70.8592 0 1.9
297.797 -46.1602 -70.9336 -70.7802 0 1.9
297.836 -43.3346 -70.9015 -70.6996 0 1.9
297.845 -42.3577 -70.8934 -70.6792 0 1.9
297.855 -41.1984 -70.8852 -70.6587 0 1.9
297.865 -39.8047 -70.8771 -70.6381 0 1.9
297.879 -37.1068 -70.8648 -70.6069 0 1.9
297.894 -33.2314 -70.8524 -70.5753 0 1.9
297.908 -27.2885 -70.8399 -70.5435 0 1.9
297.918 -21.1595 -70.8313 -70.5211 0 1.9
297.928 -12.5115 -70.8225 -70.4986 0 1.9
297.935 -5.26033 -70.8168 -70.4838 0 1.9
297.942 3.07309 -70.8111 -70.4689 0 1.9
297.948 11.8863 -70.8054 -70.4538 0 1.9
297.955 20.1728 -70.7996 -70.4387 0 1.9
297.961 27.0132 -70.7938 -70.4235 0 1.9
297.966 30.4878 -70.79 -70.4133 0 1.9
297.97 33.1877 -70.7862 -70.4032 0 1.9
297.974 35.2395 -70.7823 -70.3929 0 1.9
297.979 36.7679 -70.7785 -70.3826 0 1.9
297.983 37.885 -70.7747 -70.3722 0 1.9
297.987 38.6882 -70.7708 -70.3618 0 1.9
297.992 39.2549 -70.7669 -70.3513 0 1.9
297.996 39.6413 -70.7631 -70.3407 0 1.9
298 39.8876 -70.7592 -70.33 0 1.9
298.007 40.0609 -70.7532 -70.3134 0 1.9
298.014 40.0454 -70.7471 -70.2965 0 1.9
298.021 39.8877 -70.7411 -70.2794 0 1.9
298.027 39.6201 -70.735 -70.2619 0 1.9
298.034 39.2651 -70.729 -70.2442 0 1.9
298.041 38.8378 -70.7229 -70.226 0 1.9
298.051 38.0714 -70.7136 -70.1975 0 1.9
298.061 37.1888 -70.7042 -70.1678 0 1.9
298.071 36.2116 -70.6948 -70.1366 0 1.9
298.082 35.1576 -70.6853 -70.1037 0 1.9
298.092 34.0402 -70.6758 -70.0688 0 1.9
298.107 32.2577 -70.6614 -70.0119 0 1.9
298.123 30.3894 -70.6468 -69.9491 0 1.9
298.138 28.4685 -70.6321 -69.8797 0 1.9
298.154 26.5235 -70.6172 -69.8033 0 1.9
298.169 24.5781 -70.6022 -69.7196 0 1.9
298.185 22.6509 -70.587 -69.6284 0 1.9
298.21 19.5447 -70.5614 -69.4613 0 1.9
298.236 16.579 -70.535 -69.2747 0 1.9
298.261 13.7808 -70.5076 -69.0701 0 1.9
298.287 11.1595 -70.4791 -68.8492 0 1.9
298.312 8.70744 -70.4491 -68.6138 0 1.9
298.338 6.41008 -70.4174 -68.3659 0 1.9
298.363 4.25373 -70.3839 -68.107 0 1.9
298.389 2.21857 -70.3481 -67.8389 0 1.9
298.414 0.287404 -70.3101 -67.5628 0 1.9
298.44 -1.54863 -70.2695 -67.28 0 1.9
298.465 -3.3044 -70.2262 -66.9914 0 1.9
298.491 -4.99162 -70.1802 -66.698 0 1.9
298.516 -6.61347 -70.1313 -66.4004 0 1.9
298.542 -8.17963 -70.0795 -66.0993 0 1.9
298.567 -9.69762 -70.0247 -65.7952 0 1.9
298.593 -11.1693 -69.9669 -65.4885 0 1.9
298.619 -12.6005 -69.9061 -65.1797 0 1.9
298.644 -13.996 -69.8424 -64.8691 0 1.9
298.67 -15.3585 -69.7757 -64.557 0 1.9
298.71 -17.4419 -69.665 -64.0639 0 1.9
298.75 -19.4669 -69.5474 -63.5686 0 1.9
298.79 -21.4445 -69.423 -63.0717 0 1.9
298.83 -23.3903 -69.2921 -62.5738 0 1.9
298.87 -25.3211 -69.1549 -62.0751 0 1.9
298.91 -27.2512 -69.0117 -61.5761 0 1.9
298.95 -29.1987 -68.8628 -61.0769 0 1.9
298.991 -31.1823 -68.7084 -60.5775 0 1.9
299.031 -33.2239 -68.5487 -60.078 0 1.9
299.071 -35.3402 -68.384 -59.5785 0 1.9
299.111 -37.5478 -68.2146 -59.0791 0 1.9
299.151 -39.8437 -68.0405 -58.5801 0 1.9
299.191 -42.2208 -67.8621 -58.082 0 1.9
299.231 -44.6282 -67.6795 -57.5853 0 1.9
299.271 -47.0214 -67.4929 -57.0905 0 1.9
299.312 -49.3029 -67.3025 -56.5983 0 1.9
299.352 -51.4294 -67.1084 -56.109 0 1.9
299.392 -53.3182 -66.9108 -55.6233 0 1.9
299.432 -54.971 -66.71 -55.1415 0 1.9
299.472 -56.3548 -66.5061 -54.6637 0 1.9
299.512 -57.4992 -66.2992 -54.19 0 1.9
299.552 -58.434 -66.0896 -53.7202 0 1.9
299.592 -59.189 -65.8775 -53.254 0 1.9
299.633 -59.7973 -65.663 -52.7908 0 1.9
299.673 -60.2889 -65.4463 -52.3298 0 1.9
299.713 -60.6877 -65.2275 -51.8703 0 1.9
299.753 -61.0112 -65.0068 -51.4114 0 1.9
299.793 -61.2727 -64.7843 -50.9522 0 1.9
299.833 -61.4823 -64.56 -50.4916 0 1.9
299.873 -61.6483 -64.3341 -50.0289 0 1.9
299.913 -61.777 -64.1065 -49.5629 0 1.9
299.954 -61.8736 -63.8773 -49.0928 0 1.9
299.994 -61.9423 -63.6464 -48.6175 0 1.9
300 -61.9509 -63.6099 -48.5421 0 1.9
300 -61.9509 -63.6099 -48.5421 -4.33152e-12 0
300 -61.9526 -63.6098 -48.542 -1.30058e-05 0
300 -61.9983 -63.6079 -48.5381 -0.000434929 0
300.001 -62.0643 -63.6045 -48.5315 -0.00114542 0
300.001 -62.1202 -63.6011 -48.5249 -0.00185506 0
300.003 -62.2342 -63.5926 -48.509 -0.00356544 0
300.004 -62.3293 -63.5836 -48.4931 -0.00527082 0
300.005 -62.4141 -63.5742 -48.4772 -0.00697121 0
300.007 -62.5296 -63.5595 -48.4533 -0.00951497 0
300.009 -62.6333 -63.5443 -48.4294 -0.0120476 0
300.013 -62.7778 -63.5195 -48.392 -0.0159852 0
300.016 -62.9061 -63.4937 -48.3545 -0.0198959 0
300.022 -63.1332 -63.4382 -48.2775 -0.0278379 0
300.028 -63.3274 -63.3799 -48.2003 -0.0356683 0
300.035 -63.4985 -63.3193 -48.1229 -0.0433885 0
300.041 -63.6509 -63.2565 -48.0453 -0.0509998 0
300.048 -63.7879 -63.1919 -47.9676 -0.0585037 0
300.059 -63.9949 -63.0766 -47.8332 -0.0711844 0
300.07 -64.1741 -62.9569 -47.6982 -0.0835572 0
300.081 -64.3325 -62.8335 -47.5626 -0.095629 0
300.097 -64.5404 -62.6415 -47.357 -0.113259 0
300.114 -64.7199 -62.4431 -47.1498 -0.130243 0
300.14 -64.9562 -62.124 -46.8237 -0.155436 0
300.166 -65.1525 -61.7943 -46.4926 -0.179194 0
300.192 -65.3172 -61.4561 -46.156 -0.20159 0
300.218 -65.457 -61.1111 -45.8135 -0.222694 0
300.244 -65.5768 -60.7605 -45.4647 -0.242571 0
300.269 -65.6798 -60.4055 -45.1094 -0.261285 0
300.295 -65.7686 -60.0469 -44.7473 -0.278895 0
300.321 -65.845 -59.6854 -44.3784 -0.295457 0
300.347 -65.9106 -59.3216 -44.0024 -0.311025 0
300.373 -65.9665 -58.9561 -43.6194 -0.325651 0
300.399 -66.0141 -58.5892 -43.2292 -0.339382 0
300.425 -66.054 -58.2214 -42.8317 -0.352264 0
300.451 -66.0872 -57.8528 -42.427 -0.364342 0
300.477 -66.1143 -57.4838 -42.0149 -0.375656 0
300.502 -66.1358 -57.1145 -41.5955 -0.386246 0
300.528 -66.1522 -56.7451 -41.1687 -0.396149 0
300.554 -66.1641 -56.3756 -40.7345 -0.4054 0
300.595 -66.1743 -55.7931 -40.0345 -0.418749 0
300.636 -66.1753 -55.2108 -39.3163 -0.430684 0
300.677 -66.1681 -54.6286 -38.5802 -0.441319 0
300.718 -66.1537 -54.0463 -37.8269 -0.450759 0
300.758 -66.1327 -53.4634 -37.0578 -0.459101 0
300.799 -66.1058 -52.8793 -36.2744 -0.466433 0
300.84 -66.0736 -52.2932 -35.4786 -0.472838 0
300.881 -66.0365 -51.704 -34.6727 -0.478391 0
300.922 -65.9949 -51.1106 -33.8588 -0.483162 0
300.962 -65.9492 -50.5115 -33.039 -0.487215 0
301.003 -65.8997 -49.9052 -32.2153 -0.490609 0
301.044 -65.8468 -49.2896 -31.3895 -0.493398 0
301.085 -65.7907 -48.6626 -30.5637 -0.495633 0
301.126 -65.7316 -48.0217 -29.7399 -0.49736 0
301.167 -65.6699 -47.3638 -28.9202 -0.498622 0
301.207 -65.6056 -46.6858 -28.1073 -0.499457 0
301.248 -65.539 -45.9836 -27.3043 -0.499902 0
301.289 -65.4703 -45.2529 -26.5147 -0.49999 0
301.33 -65.3995 -44.4887 -25.7424 -0.499752 0
301.371 -65.3269 -43.6856 -24.9917 -0.499215 0
301.412 -65.2525 -42.8373 -24.2666 -0.498406 0
301.452 -65.1764 -41.9372 -23.5713 -0.497349 0
301.493 -65.0988 -40.978 -22.9092 -0.496065 0
301.534 -65.0197 -39.9522 -22.283 -0.494575 0
301.575 -64.9393 -38.8526 -21.6946 -0.492898 0
301.616 -64.8575 -37.6722 -21.1451 -0.491051 0
301.677 -64.7323 -35.7339 -20.3922 -0.487986 0
301.739 -64.6045 -33.5952 -19.7257 -0.48462 0
301.8 -64.4746 -31.273 -19.1415 -0.480996 0
301.861 -64.3428 -28.8169 -18.6347 -0.477151 0
301.923 -64.2093 -26.3084 -18.2006 -0.473118 0
301.984 -64.0744 -23.8437 -17.8355 -0.468928 0
302.046 -63.9383 -21.5107 -17.5369 -0.464606 0
302.107 -63.8012 -19.3712 -17.3024 -0.460174 0
302.168 -63.6633 -17.4559 -17.1295 -0.455653 0
302.23 -63.5248 -15.7692 -17.0142 -0.451061 0
302.291 -63.3858 -14.2959 -16.9513 -0.446412 0
302.353 -63.2464 -13.0107 -16.9351 -0.441721 0
302.414 -63.1069 -11.8859 -16.959 -0.437 0
302.476 -62.9673 -10.8977 -17.0166 -0.432259 0
302.537 -62.8277 -10.0286 -17.1016 -0.427507 0
302.598 -62.6883 -9.26689 -17.2081 -0.422752 0
302.66 -62.5491 -8.60547 -17.3312 -0.418002 0
302.721 -62.4102 -8.0379 -17.4667 -0.413262 0
302.783 -62.2717 -7.55747 -17.6112 -0.408539 0
302.844 -62.1337 -7.15658 -17.7623 -0.403835 0
302.905 -61.9962 -6.82607 -17.9182 -0.399157 0
302.967 -61.8592 -6.55553 -18.0778 -0.394506 0
303.028 -61.7227 -6.33463 -18.2401 -0.389887 0
303.09 -61.5869 -6.15406 -18.4043 -0.385301 0
303.151 -61.4517 -6.00553 -18.5697 -0.380751 0
303.213 -61.317 -5.88165 -18.7357 -0.376239 0
303.274 -61.183 -5.77597 -18.9015 -0.371766 0
303.335 -61.0496 -5.683 -19.0665 -0.367334 0
303.397 -60.9168 -5.59814 -19.2298 -0.362944 0
303.458 -60.7847 -5.51746 -19.3908 -0.358597 0
303.52 -60.6531 -5.43768 -19.5488 -0.354293 0
303.581 -60.5221 -5.35601 -19.7032 -0.350033 0
303.642 -60.3917 -5.27013 -19.8533 -0.345817 0
303.704 -60.2619 -5.1781 -19.9985 -0.341647 0
303.765 -60.1326 -5.07827 -20.1384 -0.337521 0
303.827 -60.0038 -4.96927 -20.2725 -0.333441 0
303.888 -59.8756 -4.84997 -20.4004 -0.329405 0
303.949 -59.7478 -4.7195 -20.5216 -0.325415 0
304.011 -59.6204 -4.57721 -20.6359 -0.32147 0
304.072 -59.4934 -4.42269 -20.743 -0.31757 0
304.134 -59.3668 -4.25578 -20.8425 -0.313715 0
304.195 -59.2405 -4.07653 -20.9344 -0.309905 0
304.257 -59.1145 -3.88521 -21.0184 -0.306138 0
304.318 -58.9888 -3.68226 -21.0945 -0.302416 0
304.379 -58.8632 -3.46827 -21.1625 -0.298738 0
304.441 -58.7377 -3.2439 -21.2224 -0.295102 0
304.502 -58.6123 -3.0099 -21.2743 -0.29151 0
304.564 -58.487 -2.76704 -21.3182 -0.287961 0
304.625 -58.3616 -2.51616 -21.3541 -0.284454 0
304.686 -58.236 -2.25807 -21.3824 -0.280988 0
304.727 -58.1534 -2.08488 -21.3968 -0.278733 0
304.767 -58.0706 -1.90919 -21.4079 -0.276495 0
304.808 -57.9878 -1.73124 -21.4159 -0.274275 0
304.848 -57.9047 -1.55128 -21.4208 -0.272073 0
304.888 -57.8215 -1.36958 -21.4226 -0.269887 0
304.929 -57.7381 -1.18639 -21.4215 -0.26772 0
304.969 -57.6544 -1.00198 -21.4175 -0.265569 0
305.009 -57.5705 -0.816598 -21.4106 -0.263436 0
305.05 -57.4863 -0.630522 -21.4011 -0.261319 0
305.09 -57.4018 -0.444011 -21.3888 -0.25922 0
305.131 -57.3169 -0.257328 -21.374 -0.257137 0
305.196 -57.1792 0.043397 -21.3449 -0.253814 0
305.261 -57.0403 0.342839 -21.3097 -0.250533 0
305.326 -56.9001 0.639973 -21.2689 -0.247294 0
305.391 -56.7584 0.933821 -21.2227 -0.244097 0
305.456 -56.615 1.22346 -21.1717 -0.240941 0
305.521 -56.4697 1.50802 -21.1162 -0.237825 0
305.62 -56.2437 1.93071 -21.0239 -0.233148 0
305.72 -56.0119 2.33719 -20.9235 -0.228562 0
305.819 -55.7731 2.7253 -20.8165 -0.224067 0
305.919 -55.5261 3.09328 -20.7044 -0.219659 0
306.018 -55.2694 3.43981 -20.5882 -0.215338 0
306.117 -55.0011 3.76391 -20.4694 -0.211102 0
306.185 -54.8117 3.97036 -20.3878 -0.208281 0
306.252 -54.6152 4.16613 -20.3059 -0.205497 0
306.319 -54.4105 4.35118 -20.2237 -0.20275 0
306.386 -54.1965 4.5255 -20.1416 -0.20004 0
306.454 -53.9718 4.68916 -20.0599 -0.197366 0
306.521 -53.7347 4.84226 -19.9786 -0.194727 0
306.588 -53.4832 4.98494 -19.898 -0.192124 0
306.656 -53.2146 5.11736 -19.8182 -0.189556 0
306.723 -52.9257 5.23973 -19.7394 -0.187022 0
306.79 -52.6124 5.35226 -19.6616 -0.184522 0
306.857 -52.2691 5.45521 -19.5848 -0.182055 0
306.925 -51.8886 5.54881 -19.5091 -0.179622 0
306.992 -51.4608 5.63336 -19.4344 -0.177221 0
307.059 -50.9713 5.70911 -19.3608 -0.174851 0
307.127 -50.3986 5.77636 -19.288 -0.172514 0
307.194 -49.7096 5.8354 -19.2159 -0.170208 0
307.261 -48.8494 5.88652 -19.1443 -0.167933 0
307.329 -47.7195 5.93003 -19.0728 -0.165688 0
307.396 -46.1252 5.96622 -19.0009 -0.163473 0
307.463 -43.6212 5.99542 -18.928 -0.161287 0
307.48 -42.7327 6.00167 -18.9095 -0.160746 0
307.497 -41.6475 6.0075 -18.8908 -0.160206 0
307.514 -40.3199 6.01292 -18.872 -0.159668 0
307.53 -38.6822 6.01795 -18.8529 -0.159131 0
307.547 -36.5824 6.02257 -18.8337 -0.158597 0
307.564 -33.7979 6.02681 -18.8141 -0.158064 0
307.581 -29.9791 6.03066 -18.7943 -0.157533 0
307.598 -24.6138 6.03414 -18.774 -0.157004 0
307.615 -16.9696 6.03723 -18.7534 -0.156477 0
307.625 -10.7161 6.03902 -18.74 -0.156142 0
307.636 -3.50928 6.04065 -18.7264 -0.155807 0
307.647 4.11041 6.04214 -18.7125 -0.155474 0
307.657 11.319 6.04349 -18.6983 -0.155141 0
307.668 17.349 6.04469 -18.6839 -0.154809 0
307.675 20.5033 6.04541 -18.6741 -0.154591 0
307.682 22.9998 6.04606 -18.6642 -0.154373 0
307.689 24.877 6.04666 -18.6541 -0.154155 0
307.696 26.2137 6.0472 -18.6438 -0.153937 0
307.703 27.1037 6.04767 -18.6332 -0.15372 0
307.71 27.636 6.04809 -18.6224 -0.153503 0
307.717 27.883 6.04846 -18.6113 -0.153287 0
307.725 27.8998 6.04876 -18.5999 -0.153071 0
307.732 27.7295 6.04901 -18.5881 -0.152855 0
307.739 27.4069 6.0492 -18.5759 -0.152639 0
307.749 26.6828 6.04939 -18.5563 -0.15231 0
307.76 25.7453 6.04946 -18.5356 -0.151982 0
307.771 24.6515 6.0494 -18.5134 -0.151654 0
307.782 23.4453 6.04922 -18.4895 -0.151328 0
307.793 22.1605 6.04893 -18.4638 -0.151002 0
307.803 20.8234 6.04852 -18.436 -0.150676 0
307.821 18.6025 6.04764 -18.3863 -0.150151 0
307.838 16.3686 6.04649 -18.33 -0.149628 0
307.856 14.1752 6.04511 -18.2667 -0.149107 0
307.882 10.9581 6.04261 -18.1559 -0.148313 0
307.909 7.93606 6.03976 -18.0285 -0.147523 0
307.936 5.13857 6.03673 -17.8859 -0.146737 0
307.963 2.56737 6.03372 -17.73 -0.145955 0
307.989 0.177532 6.03095 -17.5633 -0.145178 0
308.016 -2.03829 6.02865 -17.3883 -0.144405 0
308.043 -4.11165 6.02703 -17.2074 -0.143636 0
308.069 -6.09625 6.0263 -17.0229 -0.142871 0
308.096 -7.95528 6.02663 -16.8367 -0.14211 0
308.123 -9.70632 6.02816 -16.6507 -0.141353 0
308.149 -11.3859 6.03099 -16.4663 -0.1406 0
308.176 -12.9941 6.03518 -16.2845 -0.139851 0
308.203 -14.539 6.04076 -16.1065 -0.139106 0
308.23 -16.0296 6.04773 -15.9328 -0.138365 0
308.256 -17.4721 6.05603 -15.764 -0.137628 0
308.283 -18.8735 6.06562 -15.6006 -0.136895 0
308.31 -20.2391 6.0764 -15.4427 -0.136166 0
308.336 -21.5721 6.08827 -15.2906 -0.135441 0
308.363 -22.8758 6.10112 -15.1445 -0.134719 0
308.39 -24.1558 6.11482 -15.0042 -0.134002 0
308.431 -26.1175 6.13763 -14.7972 -0.132889 0
308.473 -28.0501 6.16172 -14.6045 -0.131786 0
308.515 -29.9649 6.18662 -14.4258 -0.130692 0
308.557 -31.8722 6.21186 -14.2609 -0.129607 0
308.625 -35.0129 6.25297 -14.0187 -0.127843 0
308.694 -38.1805 6.29208 -13.8111 -0.126102 0
308.762 -41.3914 6.32771 -13.6368 -0.124386 0
308.831 -44.5579 6.35861 -13.4945 -0.122692 0
308.899 -47.6168 6.38372 -13.3834 -0.121022 0
308.968 -50.4144 6.40219 -13.3029 -0.119375 0
309.036 -52.9195 6.41328 -13.2523 -0.11775 0
309.105 -55.0395 6.41637 -13.2308 -0.116147 0
309.173 -56.7878 6.41093 -13.2373 -0.114565 0
309.242 -58.1737 6.39653 -13.2703 -0.113006 0
309.31 -59.299 6.37281 -13.3276 -0.111467 0
309.379 -60.2114 6.33951 -13.4067 -0.10995 0
309.447 -60.9651 6.29648 -13.5051 -0.108453 0
309.516 -61.5864 6.24368 -13.62 -0.106977 0
309.585 -62.1042 6.18117 -13.7489 -0.105521 0
309.653 -62.5356 6.10912 -13.8897 -0.104084 0
309.722 -62.8946 6.02781 -14.0403 -0.102667 0
309.79 -63.1914 5.93755 -14.1993 -0.101269 0
309.9 -63.5615 5.77498 -14.4683 -0.0990656 0
310.01 -63.8256 5.59217 -14.7506 -0.0969098 0
310.12 -64.0064 5.39101 -15.0423 -0.0948008 0
310.23 -64.1218 5.17339 -15.3408 -0.0927377 0
310.34 -64.1856 4.94113 -15.6438 -0.0907196 0
310.45 -64.2085 4.69594 -15.9496 -0.0887453 0
310.56 -64.1982 4.4394 -16.2567 -0.0868141 0
310.67 -64.1612 4.17302 -16.564 -0.0849248 0
310.78 -64.1022 3.89813 -16.8705 -0.0830767 0
310.954 -63.9741 3.44987 -17.3513 -0.0802405 0
311.128 -63.8132 2.98783 -17.8261 -0.0775012 0
311.301 -63.6278 2.51568 -18.2933 -0.0748555 0
311.475 -63.4245 2.03655 -18.7518 -0.0723 0
311.649 -63.2086 1.55308 -19.2008 -0.0698318 0
311.822 -62.9839 1.06748 -19.6395 -0.0674478 0
311.996 -62.7536 0.581601 -20.0676 -0.0651452 0
312.262 -62.3957 -0.159042 -20.7018 -0.061773 0
312.527 -62.0372 -0.892522 -21.3105 -0.0585753 0
312.793 -61.6827 -1.61571 -21.894 -0.0555431 0
313.059 -61.3356 -2.32641 -22.4529 -0.0526679 0
313.325 -60.9982 -3.02316 -22.9882 -0.0499416 0
313.591 -60.6723 -3.70509 -23.5009 -0.0473563 0
313.856 -60.3587 -4.37173 -23.9921 -0.0449049 0
314.311 -59.8511 -5.47592 -24.7858 -0.0410043 0
314.765 -59.3803 -6.53645 -25.5265 -0.0374426 0
315.219 -58.9428 -7.55575 -26.2203 -0.0341902 0
315.674 -58.5385 -8.53702 -26.8728 -0.0312203 0
316.128 -58.16 -9.4839 -27.4892 -0.0285084 0
316.582 -57.8231 -10.4001 -28.0744 -0.0260321 0
317.037 -57.5092 -11.2893 -28.6326 -0.0237709 0
317.491 -57.196 -12.1549 -29.1681 -0.021706 0
317.945 -56.9025 -12.9999 -29.6839 -0.0198206 0
318.4 -56.5958 -13.8272 -30.1819 -0.0180989 0
318.854 -56.3361 -14.639 -30.6637 -0.0165268 0
319.189 -56.1746 -15.2283 -31.0103 -0.0154565 0
319.524 -55.9937 -15.811 -31.3512 -0.0144555 0
319.858 -55.803 -16.388 -31.6874 -0.0135194 0
320.193 -55.5761 -16.9599 -32.0186 -0.0126438 0
320.528 -55.4199 -17.5271 -32.3441 -0.011825 0
320.755 -55.2988 -17.9091 -32.5617 -0.0113002 0
320.916 -55.172 -18.1796 -32.7154 -0.0109413 0
321.078 -55.0893 -18.449 -32.8684 -0.0105937 0
321.239 -55.0138 -18.7176 -33.0205 -0.0102572 0
321.401 -54.9019 -18.9854 -33.1713 -0.00993144 0
321.562 -54.7904 -19.2523 -33.3211 -0.00961598 0
321.723 -54.705 -19.5184 -33.4703 -0.00931054 0
321.885 -54.6092 -19.7836 -33.6187 -0.0090148 0
322.046 -54.4856 -20.0481 -33.7658 -0.00872846 0
322.208 -54.3662 -20.3119 -33.9117 -0.00845121 0
322.369 -54.2273 -20.5749 -34.0569 -0.00818277 0
322.53 -54.1173 -20.8371 -34.2012 -0.00792285 0
322.692 -53.9818 -21.0985 -34.3438 -0.00767119 0
322.853 -53.8284 -21.3593 -34.4848 -0.00742753 0
323.014 -53.6402 -21.6192 -34.6247 -0.0071916 0
323.176 -53.5009 -21.8782 -34.7635 -0.00696317 0
323.295 -53.399 -22.0685 -34.8644 -0.00679958 0
323.414 -53.2473 -22.2583 -34.964 -0.00663984 0
323.532 -53.0891 -22.4477 -35.0626 -0.00648385 0
323.651 -52.9482 -22.6365 -35.1606 -0.00633153 0
323.77 -52.7839 -22.8248 -35.2575 -0.00618278 0
323.889 -52.5715 -23.0126 -35.3529 -0.00603753 0
324.008 -52.3445 -23.1998 -35.4466 -0.00589569 0
324.127 -52.1221 -23.3865 -35.5389 -0.00575718 0
324.246 -51.8207 -23.5725 -35.6296 -0.00562193 0
324.365 -51.4609 -23.7579 -35.7179 -0.00548985 0
324.483 -51.1086 -23.9426 -35.8033 -0.00536088 0
324.602 -50.7954 -24.1264 -35.8858 -0.00523494 0
324.721 -50.3412 -24.3094 -35.965 -0.00511195 0
324.805 -49.8677 -24.4376 -36.0183 -0.00502711 0
324.889 -49.3349 -24.5653 -36.0695 -0.00494368 0
324.972 -48.6834 -24.6924 -36.1185 -0.00486162 0
325.056 -47.9113 -24.8189 -36.1648 -0.00478094 0
325.118 -47.0879 -24.9116 -36.1965 -0.00472236 0
325.163 -46.2527 -24.9795 -36.2183 -0.00467971 0
325.208 -45.2881 -25.0473 -36.2387 -0.00463745 0
325.254 -44.0712 -25.1148 -36.2575 -0.00459557 0
325.299 -42.3107 -25.182 -36.2745 -0.00455407 0
325.344 -39.6641 -25.2489 -36.2892 -0.00451295 0
325.39 -35.4363 -25.3155 -36.3012 -0.00447219 0
325.419 -31.051 -25.3578 -36.307 -0.00444642 0
325.447 -24.0637 -25.3999 -36.3113 -0.00442079 0
325.467 -17.0743 -25.4288 -36.3131 -0.00440322 0
325.487 -8.15848 -25.4576 -36.3139 -0.00438572 0
325.501 -1.32299 -25.4777 -36.3137 -0.00437353 0
325.515 5.18607 -25.4978 -36.3128 -0.00436137 0
325.529 10.6741 -25.5178 -36.3111 -0.00434925 0
325.543 14.8245 -25.5377 -36.3086 -0.00433716 0
325.557 17.6379 -25.5576 -36.3051 -0.00432511 0
325.571 19.2292 -25.5775 -36.3003 -0.00431308 0
325.585 19.8252 -25.5973 -36.2942 -0.0043011 0
325.599 19.7058 -25.617 -36.2865 -0.00428914 0
325.613 19.0884 -25.6367 -36.2768 -0.00427722 0
325.626 18.1493 -25.6562 -36.2648 -0.00426533 0
325.64 16.995 -25.6758 -36.2503 -0.00425347 0
325.654 15.6478 -25.6952 -36.2328 -0.00424165 0
325.668 14.1755 -25.7146 -36.212 -0.00422986 0
325.682 12.6622 -25.7338 -36.1876 -0.0042181 0
325.696 11.1246 -25.753 -36.1595 -0.00420638 0
325.71 9.5946 -25.772 -36.1273 -0.00419469 0
325.724 8.09669 -25.7909 -36.0911 -0.00418303 0
325.738 6.61202 -25.8097 -36.0507 -0.0041714 0
325.752 5.16643 -25.8283 -36.0062 -0.0041598 0
325.766 3.78283 -25.8467 -35.9576 -0.00414824 0
325.78 2.44414 -25.8649 -35.9052 -0.00413671 0
325.793 1.14405 -25.8829 -35.8491 -0.00412521 0
325.807 -0.111764 -25.9006 -35.7895 -0.00411375 0
325.821 -1.32651 -25.9181 -35.7266 -0.00410231 0
325.835 -2.49622 -25.9353 -35.6608 -0.00409091 0
325.849 -3.62069 -25.9522 -35.5922 -0.00407954 0
325.863 -4.70952 -25.9687 -35.5212 -0.0040682 0
325.877 -5.76502 -25.9848 -35.4481 -0.00405689 0
325.891 -6.786 -26.0005 -35.3731 -0.00404561 0
325.912 -8.28102 -26.0236 -35.256 -0.00402852 0
325.933 -9.70934 -26.0456 -35.1359 -0.00401151 0
325.954 -11.0752 -26.0664 -35.0138 -0.00399456 0
325.976 -12.3862 -26.0861 -34.8903 -0.00397769 0
326.011 -14.4647 -26.116 -34.683 -0.0039497 0
326.046 -16.427 -26.1423 -34.4762 -0.00392192 0
326.081 -18.2917 -26.1649 -34.2718 -0.00389433 0
326.117 -20.0718 -26.1838 -34.0714 -0.00386693 0
326.152 -21.7773 -26.1991 -33.8763 -0.00383973 0
326.207 -24.2838 -26.2161 -33.5874 -0.00379811 0
326.261 -26.6617 -26.2256 -33.3155 -0.00375694 0
326.316 -28.9342 -26.2287 -33.062 -0.00371622 0
326.37 -31.1191 -26.2263 -32.8276 -0.00367594 0
326.425 -33.2249 -26.2194 -32.6126 -0.0036361 0
326.479 -35.2544 -26.209 -32.4172 -0.00359668 0
326.561 -38.1799 -26.1887 -32.1582 -0.00353787 0
326.644 -40.9325 -26.1655 -31.9423 -0.00348002 0
326.726 -43.5334 -26.142 -31.7677 -0.00342312 0
326.809 -45.9696 -26.1203 -31.6326 -0.00336714 0
326.891 -48.2592 -26.1024 -31.535 -0.00331208 0
326.974 -50.3487 -26.0897 -31.4727 -0.00325792 0
327.056 -52.1812 -26.0833 -31.4435 -0.00320465 0
327.138 -53.7388 -26.0844 -31.4451 -0.00315225 0
327.221 -55.0531 -26.0936 -31.4754 -0.0031007 0
327.303 -56.1642 -26.1115 -31.5316 -0.00305 0
327.386 -57.1096 -26.1384 -31.6111 -0.00300013 0
327.468 -57.9155 -26.1746 -31.7111 -0.00295107 0
327.551 -58.6078 -26.2201 -31.8288 -0.00290281 0
327.633 -59.2044 -26.2748 -31.9619 -0.00285534 0
327.716 -59.719 -26.3386 -32.1081 -0.00280865 0
327.842 -60.3724 -26.4535 -32.3542 -0.00273844 0
327.969 -60.8876 -26.5877 -32.6215 -0.00266997 0
328.095 -61.2917 -26.7397 -32.9054 -0.00260322 0
328.222 -61.6078 -26.908 -33.2025 -0.00253814 0
328.348 -61.8538 -27.091 -33.5096 -0.00247469 0
328.475 -62.0438 -27.2872 -33.8245 -0.00241282 0
328.674 -62.2572 -27.6194 -34.3309 -0.00231859 0
328.873 -62.396 -27.976 -34.846 -0.00222805 0
329.073 -62.4832 -28.3529 -35.3658 -0.00214104 0
329.272 -62.536 -28.7465 -35.8876 -0.00205743 0
329.471 -62.5665 -29.154 -36.4095 -0.00197709 0
329.67 -62.5826 -29.5731 -36.9302 -0.00189988 0
329.869 -62.5899 -30.0018 -37.4488 -0.00182569 0
330.068 -62.5928 -30.4389 -37.965 -0.0017544 0
330.373 -62.5962 -31.1202 -38.7479 -0.00165085 0
330.677 -62.6051 -31.8159 -39.5243 -0.00155342 0
330.981 -62.6235 -32.5249 -40.2943 -0.00146174 0
331.285 -62.6542 -33.2469 -41.0585 -0.00137548 0
331.589 -62.699 -33.9822 -41.8171 -0.0012943 0
331.893 -62.7591 -34.7318 -42.5707 -0.00121791 0
332.365 -62.8827 -35.9259 -43.7311 -0.00110822 0
332.837 -63.041 -37.1633 -44.8821 -0.0010084 0
333.309 -63.2325 -38.451 -46.0257 -0.000917579 0
333.781 -63.4525 -39.7958 -47.1636 -0.000834935 0
334.253 -63.6976 -41.203 -48.2982 -0.000759735 0
334.725 -63.9637 -42.6751 -49.4314 -0.000691308 0
335.197 -64.2492 -44.2105 -50.5647 -0.000629044 0
335.669 -64.5509 -45.8022 -51.6988 -0.000572388 0
336.141 -64.8668 -47.4374 -52.8328 -0.000520834 0
336.613 -65.1941 -49.0988 -53.9644 -0.000473924 0
337.085 -65.532 -50.7674 -55.0897 -0.000431239 0
337.556 -65.8786 -52.4247 -56.2042 -0.000392399 0
338.028 -66.2327 -54.0544 -57.3028 -0.000357057 0
338.5 -66.5929 -55.6422 -58.381 -0.000324898 0
338.972 -66.9584 -57.1762 -59.4343 -0.000295635 0
339.444 -67.328 -58.6459 -60.4585 -0.000269008 0
339.916 -67.7007 -60.0428 -61.4499 -0.000244779 0
340.388 -68.0755 -61.36 -62.405 -0.000222733 0
340.86 -68.4515 -62.5925 -63.3208 -0.000202672 0
341.332 -68.8278 -63.7378 -64.195 -0.000184418 0
342.041 -69.3918 -65.2957 -65.4271 -0.000160029 0
342.75 -69.9515 -66.6662 -66.5598 -0.000138865 0
343.46 -70.5041 -67.867 -67.5957 -0.0001205 0
344.169 -71.0472 -68.92 -68.5406 -0.000104564 0
344.878 -71.5787 -69.8475 -69.4029 -9.07357e-05 0
345.587 -72.097 -70.6701 -70.1914 -7.8736e-05 0
346.297 -72.6008 -71.4055 -70.9148 -6.83233e-05 0
347.006 -73.0892 -72.0685 -71.581 -5.92876e-05 0
347.715 -73.5617 -72.6712 -72.1971 -5.14468e-05 0
348.424 -74.0178 -73.2232 -72.7693 -4.46431e-05 0
349.134 -74.4575 -73.7321 -73.3026 -3.87391e-05 0
349.843 -74.8806 -74.2039 -73.8014 -3.36159e-05 0
350.552 -75.2874 -74.6429 -74.2691 -2.91702e-05 0
351.261 -75.6781 -75.0524 -74.7085 -2.53125e-05 0
351.971 -76.0529 -75.4352 -75.122 -2.19649e-05 0
352.68 -76.4122 -75.7928 -75.5113 -1.90601e-05 0
353.389 -76.7564 -76.1269 -75.878 -1.65394e-05 0
354.513 -77.2717 -76.6109 -76.4158 -1.32093e-05 0
355.637 -77.7513 -77.0419 -76.9036 -1.05497e-05 0
356.761 -78.1969 -77.4228 -77.3445 -8.42564e-06 0
357.886 -78.6098 -77.756 -77.7412 -6.72921e-06 0
359.01 -78.9914 -78.044 -78.0961 -5.37434e-06 0
360.755 -79.5255 -78.4077 -78.5697 -3.79038e-06 0
362.501 -79.9925 -78.678 -78.956 -2.67326e-06 0
364.247 -80.397 -78.8645 -79.2629 -1.88538e-06 0
365.993 -80.7438 -78.9768 -79.4982 -1.32971e-06 0
367.739 -81.037 -79.0241 -79.6693 -9.37811e-07 0
369.485 -81.281 -79.0157 -79.7837 -6.61414e-07 0
372.575 -81.6049 -78.8896 -79.868 -3.56519e-07 0
375.665 -81.8094 -78.657 -79.8313 -1.92173e-07 0
378.755 -81.9149 -78.3527 -79.7042 -1.03586e-07 0
381.845 -81.9402 -78.0041 -79.5124 -5.58358e-08 0
384.934 -81.9021 -77.6321 -79.2765 -3.0097e-08 0
388.024 -81.8151 -77.252 -79.0131 -1.62231e-08 0
391.114 -81.692 -76.8746 -78.7347 -8.74465e-09 0
394.204 -81.5432 -76.5072 -78.4508 -4.7136e-09 0
397.294 -81.3774 -76.1549 -78.1686 -2.54075e-09 0
400.384 -81.2015 -75.8207 -77.8932 -1.36953e-09 0
403.474 -81.0211 -75.5063 -77.6281 -7.38214e-10 0
406.564 -80.8404 -75.2124 -77.3757 -3.97917e-10 0
411.353 -80.5672 -74.7979 -77.0132 -1.52703e-10 0
416.142 -80.3091 -74.432 -76.6874 -5.86009e-11 0
420.93 -80.0705 -74.1117 -76.3982 -2.24885e-11 0
425.719 -79.8534 -73.8332 -76.1443 -8.63014e-12 0
430.508 -79.6584 -73.5929 -75.9233 -3.31185e-12 0
435.297 -79.4849 -73.3866 -75.7323 -1.27092e-12 0
440.085 -79.3317 -73.2107 -75.5684 -4.87768e-13 0
447.864 -79.1216 -72.98 -75.3521 -1.02923e-13 0
455.642 -78.9529 -72.8054 -75.1869 -2.17476e-14 0
463.42 -78.8177 -72.6743 -75.0618 -4.62037e-15 0
471.198 -78.7091 -72.5763 -74.9673 -9.55939e-16 0
478.977 -78.6214 -72.503 -74.8961 -2.38985e-16 0
486.755 -78.5498 -72.4484 -74.8422 -7.96616e-17 0
494.533 -78.4905 -72.4074 -74.8011 -0 0
502.311 -78.4402 -72.3762 -74.7693 -0 0
510.09 -78.3968 -72.3521 -74.7439 -0 0
517.868 -78.3583 -72.3324 -74.7229 -0 0
525.646 -78.3235 -72.3158 -74.7048 -0 0
533.424 -78.2914 -72.3017 -74.6889 -0 0
541.203 -78.2612 -72.2892 -74.6745 -0 0
548.981 -78.2326 -72.2776 -74.6609 -0 0
556.759 -78.2052 -72.2671 -74.6481 -0 0
564.538 -78.1789 -72.2571 -74.6358 -0 0
572.316 -78.1533 -72.247 -74.6237 -0 0
580.094 -78.1285 -72.2372 -74.6116 -0 0
587.872 -78.1042 -72.2282 -74.6001 -0 0
595.651 -78.0807 -72.2189 -74.5887 -0 0
